referrer,views_total,views_unique
Google,24,14
