url_path,views_total,views_unique
/harfang3d/car-simulator/tree/main/.vscode,2,2
