url_path,views_total,views_unique
/harfang3d/dogfight-sandbox-hg2,161,87
/harfang3d/dogfight-sandbox-hg2/issues,37,8
/harfang3d/dogfight-sandbox-hg2/tree/main/source,13,12
/harfang3d/dogfight-sandbox-hg2/releases,12,11
/harfang3d/dogfight-sandbox-hg2/tree/main,10,6
/harfang3d/dogfight-sandbox-hg2/tree/main/Agent,8,5
/harfang3d/dogfight-sandbox-hg2/tree/main/screenshots,8,4
/harfang3d/dogfight-sandbox-hg2/blob/main/documentation_network.md,6,5
/harfang3d/dogfight-sandbox-hg2/blob/main/Agent/HarfangEnv_GYM.py,6,3
/harfang3d/dogfight-sandbox-hg2/issues/72,6,2
