url_path,views_total,views_unique
/harfang3d/dogfight-sandbox-hg1,44,37
/harfang3d/dogfight-sandbox-hg1/tree/master/source,22,6
/harfang3d/dogfight-sandbox-hg1/blob/master/source/main.py,13,3
/harfang3d/dogfight-sandbox-hg1/tree/master/screenshots,6,3
/harfang3d/dogfight-sandbox-hg1/blob/master/requirements.txt,4,2
/harfang3d/dogfight-sandbox-hg1/blame/master/source/main.py,2,1
/harfang3d/dogfight-sandbox-hg1/blob/master/screenshots/dogfight-screenshot-00.png,2,1
/harfang3d/dogfight-sandbox-hg1/blob/master/screenshots/dogfight-screenshot-01.png,2,1
/harfang3d/dogfight-sandbox-hg1/blob/master/screenshots/dogfight-screenshot-06.png,2,1
/harfang3d/dogfight-sandbox-hg1/blob/master/source/SeaRender.py,2,1
