referrer,views_total,views_unique
youtube.com,6,1
github.com,2,2
Google,2,1
