url_path,views_total,views_unique
/harfang3d/dogfight-sandbox-hg1,8,8
/harfang3d/dogfight-sandbox-hg1/tree/master/source,1,1
