url_path,views_total,views_unique
/harfang3d/harfang-go,16,15
/harfang3d/harfang-go/tree/main/windows,5,2
/harfang3d/harfang-go/blob/main/windows/libharfang.a,2,1
/harfang3d/harfang-go/branches,2,1
