referrer,views_total,views_unique
Google,4,1
harfang3d.com,1,1
Baidu,1,1
