url_path,views_total,views_unique
/harfang3d/harfang3d,364,204
/harfang3d/harfang3d/tree/main/harfang,34,22
/harfang3d/harfang3d/tree/main/harfang/engine,22,18
/harfang3d/harfang3d/tree/main/binding,19,12
/harfang3d/harfang3d/tree/main/doc,13,8
/harfang3d/harfang3d/tree/main/languages,12,12
/harfang3d/harfang3d/tree/main/extern,12,10
/harfang3d/harfang3d/pulls,12,9
/harfang3d/harfang3d/releases/tag/v3.2.5,10,9
/harfang3d/harfang3d/tree/main/tools,9,7
