url_path,views_total,views_unique
/harfang3d/harfang3d,116,87
/harfang3d/harfang3d/tree/main/harfang/platform/osx,53,1
/harfang3d/harfang3d/tree/main/harfang,9,6
/harfang3d/harfang3d/releases,3,3
/harfang3d/harfang3d/tree/main/harfang/engine,3,3
/harfang3d/harfang3d/tree/main/languages,3,3
/harfang3d/harfang3d/blob/main/LICENSE.GPL3,3,2
/harfang3d/harfang3d/tree/main/tools,3,2
/harfang3d/harfang3d/blob/b7306f2e91287d84acb2b936a75838c5595e489c/LICENSE.GPL3,2,2
/harfang3d/harfang3d/blob/main/harfang/engine/bloom.cpp,2,2
