url_path,views_total,views_unique
/harfang3d/harfang3d,124,89
/harfang3d/harfang3d/tree/main/harfang,32,11
/harfang3d/harfang3d/tree/main/harfang/engine,23,11
/harfang3d/harfang3d/tree/main,13,3
/harfang3d/harfang3d/tree/main/harfang/foundation,9,5
/harfang3d/harfang3d/tree/main/harfang/platform,8,3
/harfang3d/harfang3d/issues,5,5
/harfang3d/harfang3d/tree/main/tools,4,2
/harfang3d/harfang3d/tree/main/harfang/tests,4,1
/harfang3d/harfang3d/issues/5,3,3
