url_path,views_total,views_unique
/harfang3d/harfang3d,63,49
/harfang3d/harfang3d/releases,22,15
/harfang3d/harfang3d/tree/main,8,3
/harfang3d/harfang3d/tree/main/harfang,7,5
/harfang3d/harfang3d/tree/main/harfang/engine,6,4
/harfang3d/harfang3d/releases/tag/v3.2.7,3,3
/harfang3d/harfang3d/tree/main/languages,3,3
/harfang3d/harfang3d/pulls,3,2
/harfang3d/harfang3d/blob/main/binding/fabgen.h,2,2
/harfang3d/harfang3d/blob/main/harfang/engine/font.h,2,2
